300000
300463
303593
304807
305017 
306893
308519
311293
311299
311713
312679 
312984
314159 
314927 
315361 
316223 
317617 
319489 
323123 
323323
323333 
324469 
324697 
325372
327553 
329317
329891 
330037 
331777 
331997 
333331 
333433 
333667 
336353 
340561
341983 
343141 
346207 
348431 
351341 
351551 
352327 
353557 
353701
355777 
356563 
359641 
361275
361469 
362811
352752
363889
366593 
368047 
369119 
369293 
370261 
371321 
372973 
373379 
373757 
375223 
375373 
377173 
378014
379009 
379721 
386041 
386429 
387344
389561 
391661 
392113 
396733 
